13:28:51,-125,-116,-125,-122,-122,-125,-125,-125,-122,-122,-125,-122,-122,-125,-125,-125,-125,-125,-125,-125,-125,-125,-122,-125,-125,-125,-125,-125,-125,-125,-125,-125,-125,-125,-125,-125,-125,-125,-125,-125,-125,-125,-125,-125,-125,-125,-125,-125,-125,-125,-125,-125,-125,-125,-125,-125,-125,-125,-125,-125,-125;
13:28:51,-125,-116,-125,-122,-122,-125,-125,-125,-122,-122,-125,-122,-122,-125,-125,-125,-125,-125,-125,-125,-125,-125,-122,-125,-125,-125,-125,-125,-125,-125,-125,-125,-125,-125,-125,-125,-125,-125,-125,-125,-125,-125,-125,-125,-125,-125,-125,-125,-125,-125,-125,-125,-125,-125,-125,-125,-125,-125,-125,-125,-125;
13:28:51,-125,-116,-125,-122,-122,-125,-125,-125,-122,-122,-125,-122,-122,-125,-125,-125,-125,-125,-125,-125,-125,-125,-122,-125,-125,-125,-125,-125,-125,-125,-125,-125,-125,-125,-125,-125,-125,-125,-125,-125,-125,-125,-125,-125,-125,-125,-125,-125,-125,-125,-125,-125,-125,-125,-125,-125,-125,-125,-125,-125,-125;
13:28:51,-125,-116,-125,-122,-122,-125,-125,-125,-122,-122,-125,-122,-122,-125,-125,-125,-125,-125,-125,-125,-125,-125,-122,-125,-125,-125,-125,-125,-125,-125,-125,-125,-125,-125,-125,-125,-125,-125,-125,-125,-125,-125,-125,-125,-125,-125,-125,-125,-125,-125,-125,-125,-125,-125,-125,-125,-125,-125,-125,-125,-125;
13:28:51,-125,-116,-125,-122,-122,-125,-125,-125,-122,-122,-125,-122,-122,-125,-125,-125,-125,-125,-125,-125,-125,-125,-122,-125,-125,-125,-125,-125,-125,-125,-125,-125,-125,-125,-125,-125,-125,-125,-125,-125,-125,-125,-125,-125,-125,-125,-125,-125,-125,-125,-125,-125,-125,-125,-125,-125,-125,-125,-125,-125,-125;
13:28:51,-125,-116,-125,-122,-122,-125,-125,-125,-122,-122,-125,-122,-122,-125,-125,-125,-125,-125,-125,-125,-125,-125,-122,-125,-125,-125,-125,-125,-125,-125,-125,-125,-125,-125,-125,-125,-125,-125,-125,-125,-125,-125,-125,-125,-125,-125,-125,-125,-125,-125,-125,-125,-125,-125,-125,-125,-125,-125,-125,-125,-125;
13:28:51,-125,-116,-125,-122,-122,-125,-125,-125,-122,-122,-125,-122,-122,-125,-125,-125,-125,-125,-125,-125,-125,-125,-122,-125,-125,-125,-125,-125,-125,-125,-125,-125,-125,-125,-125,-125,-125,-125,-125,-125,-125,-125,-125,-125,-125,-125,-125,-125,-125,-125,-125,-125,-125,-125,-125,-125,-125,-125,-125,-125,-125;
13:28:51,-125,-116,-125,-122,-122,-125,-125,-125,-122,-122,-125,-122,-122,-125,-125,-125,-125,-125,-125,-125,-125,-125,-122,-125,-125,-125,-125,-125,-125,-125,-125,-125,-125,-125,-125,-125,-125,-125,-125,-125,-125,-125,-125,-125,-125,-125,-125,-125,-125,-125,-125,-125,-125,-125,-125,-125,-125,-125,-125,-125,-125;
13:28:51,-125,-116,-125,-122,-122,-125,-125,-125,-122,-122,-125,-122,-122,-125,-125,-125,-125,-125,-125,-125,-125,-125,-122,-125,-125,-125,-125,-125,-125,-125,-125,-125,-125,-125,-125,-125,-125,-125,-125,-125,-125,-125,-125,-125,-125,-125,-125,-125,-125,-125,-125,-125,-125,-125,-125,-125,-125,-125,-125,-125,-125;
13:28:50,-125,-122,-122,-125,-125,-125,-125,-122,-125,-122,-125,-116,-122,-122,-125,-122,-122,-125,-125,-125,-122,-125,-125,-122,-125,-125,-122,-122,-122,-125,-125,-122,-125,-125,-125,-125,-125,-122,-125,-125,-125,-125,-125,-125,-125,-125,-125,-125,-125,-125,-125,-125,-125,-125,-125,-125,-125,-125,-125,-125,-125;
13:28:49,-125,-113,-125,-113,-125,-125,-122,-122,-125,-122,-122,-116,-116,-122,-122,-125,-122,-122,-122,-125,-125,-125,-122,-125,-125,-125,-125,-125,-125,-125,-122,-125,-125,-125,-125,-125,-125,-125,-125,-125,-125,-125,-125,-125,-125,-125,-125,-125,-125,-125,-125,-125,-125,-125,-125,-125,-125,-125,-125,-125,-125;
13:28:48,-122,-116,-122,-122,-125,-122,-125,-125,-116,-125,-125,-116,-122,-122,-122,-125,-125,-125,-125,-125,-125,-125,-125,-125,-125,-125,-125,-122,-125,-125,-122,-125,-125,-125,-125,-125,-125,-125,-125,-125,-125,-125,-125,-125,-125,-125,-125,-122,-125,-125,-125,-125,-125,-125,-125,-125,-125,-125,-125,-125,-125;
13:28:47,-125,-125,-122,-122,-122,-125,-122,-122,-116,-116,-125,-122,-125,-116,-125,-122,-125,-125,-125,-125,-125,-125,-125,-125,-122,-125,-125,-125,-125,-125,-125,-125,-125,-125,-125,-125,-125,-125,-125,-125,-125,-125,-125,-125,-125,-125,-125,-125,-125,-125,-125,-125,-125,-125,-125,-125,-125,-125,-125,-125,-125;
13:28:46,-116,-122,-125,-122,-122,-125,-125,-125,-125,-122,-122,-110,-122,-122,-122,-122,-125,-125,-125,-125,-125,-125,-125,-125,-125,-125,-122,-125,-125,-125,-125,-125,-125,-125,-125,-125,-125,-125,-125,-125,-125,-125,-125,-125,-125,-125,-125,-125,-125,-125,-125,-125,-125,-125,-125,-125,-125,-125,-125,-125,-125;
13:28:45,-125,-122,-116,-116,-122,-122,-125,-122,-122,-113,-116,-113,-125,-122,-122,-122,-125,-122,-125,-125,-125,-122,-125,-125,-125,-125,-125,-125,-125,-125,-125,-122,-125,-125,-125,-125,-125,-125,-125,-125,-125,-125,-125,-122,-125,-125,-125,-125,-125,-125,-125,-125,-125,-125,-125,-125,-125,-125,-125,-125,-125;
13:28:44,-122,-125,-125,-113,-125,-122,-122,-125,-122,-125,-125,-116,-116,-122,-122,-125,-122,-125,-125,-125,-125,-125,-125,-125,-125,-125,-125,-125,-125,-125,-125,-125,-125,-125,-125,-125,-125,-125,-125,-125,-125,-125,-125,-125,-125,-125,-125,-125,-125,-125,-125,-125,-125,-125,-125,-125,-125,-125,-125,-125,-125;
13:28:43,-125,-122,-122,-116,-125,-122,-125,-122,-125,-122,-125,-116,-122,-122,-125,-125,-125,-125,-125,-125,-125,-122,-122,-125,-125,-125,-125,-125,-125,-125,-125,-125,-125,-125,-125,-125,-125,-125,-125,-125,-125,-125,-125,-125,-125,-125,-125,-125,-125,-125,-125,-125,-125,-125,-125,-125,-125,-125,-125,-125,-125;
13:28:42,-125,-122,-122,-110,-122,-122,-125,-122,-125,-125,-113,-116,-116,-125,-122,-122,-125,-125,-125,-125,-125,-122,-125,-125,-125,-125,-125,-125,-125,-125,-122,-125,-125,-122,-125,-125,-125,-125,-125,-125,-125,-125,-125,-125,-125,-125,-125,-125,-125,-125,-125,-125,-125,-125,-125,-125,-125,-125,-125,-125,-125;
13:28:41,-122,-113,-116,-113,-122,-125,-125,-116,-125,-116,-116,-116,-122,-125,-122,-125,-122,-125,-122,-125,-125,-125,-125,-125,-125,-125,-125,-125,-125,-125,-125,-125,-125,-125,-125,-125,-125,-125,-125,-125,-125,-125,-125,-125,-125,-125,-125,-125,-125,-125,-125,-125,-125,-125,-125,-125,-125,-125,-125,-125,-125;
13:28:40,-125,-125,-116,-113,-125,-125,-125,-122,-122,-122,-122,-122,-122,-122,-122,-125,-122,-122,-125,-125,-122,-125,-122,-125,-125,-125,-125,-125,-125,-125,-125,-122,-125,-125,-125,-125,-125,-125,-125,-125,-125,-125,-125,-125,-125,-125,-125,-125,-125,-125,-125,-125,-125,-125,-125,-125,-125,-125,-125,-125,-125;
13:28:39,-125,-125,-122,-116,-125,-125,-125,-125,-125,-116,-125,-122,-122,-125,-125,-125,-125,-125,-122,-125,-125,-122,-125,-125,-125,-125,-125,-125,-125,-125,-122,-125,-125,-125,-125,-125,-125,-125,-125,-125,-125,-125,-125,-125,-125,-125,-125,-125,-125,-125,-125,-125,-125,-125,-125,-125,-125,-125,-125,-125,-125;
13:28:38,-125,-125,-125,-116,-125,-125,-125,-125,-125,-122,-122,-122,-116,-125,-125,-125,-125,-125,-122,-125,-125,-122,-125,-125,-125,-125,-125,-125,-125,-125,-125,-125,-125,-125,-125,-125,-125,-125,-125,-125,-125,-125,-125,-125,-125,-125,-125,-125,-125,-125,-125,-125,-125,-125,-125,-125,-125,-125,-125,-125,-125;
13:28:37,-125,-125,-122,-110,-125,-125,-122,-122,-122,-122,-122,-122,-125,-125,-122,-122,-125,-125,-125,-125,-122,-125,-125,-125,-125,-125,-125,-125,-125,-125,-125,-125,-125,-125,-125,-125,-125,-125,-125,-125,-125,-125,-125,-125,-125,-125,-125,-125,-125,-125,-125,-125,-125,-125,-125,-125,-125,-125,-125,-125,-125;
13:28:36,-125,-122,-122,-122,-125,-125,-125,-125,-122,-125,-116,-122,-125,-122,-125,-125,-125,-122,-125,-125,-125,-125,-125,-125,-125,-125,-125,-125,-125,-125,-125,-125,-125,-125,-125,-125,-125,-125,-125,-125,-125,-125,-125,-125,-125,-125,-125,-125,-125,-125,-125,-125,-125,-125,-125,-125,-125,-125,-125,-125,-125;
13:28:35,-122,-113,-122,-116,-125,-125,-125,-122,-122,-125,-122,-110,-125,-116,-122,-125,-125,-125,-122,-122,-125,-125,-125,-125,-125,-125,-125,-125,-125,-125,-125,-125,-125,-125,-125,-125,-125,-125,-125,-125,-125,-125,-125,-125,-125,-125,-125,-125,-125,-125,-125,-125,-125,-125,-125,-125,-125,-125,-125,-125,-125;
13:28:34,-125,-122,-125,-116,-125,-125,-125,-122,-122,-122,-122,-116,-122,-125,-125,-122,-122,-122,-122,-125,-122,-122,-125,-125,-125,-125,-125,-125,-125,-125,-125,-125,-125,-125,-125,-125,-125,-125,-125,-125,-125,-125,-125,-125,-125,-125,-125,-125,-125,-125,-125,-125,-125,-125,-125,-125,-125,-125,-125,-125,-125;
13:28:33,-122,-122,-125,-110,-125,-125,-125,-122,-125,-122,-125,-116,-116,-125,-125,-125,-122,-125,-125,-122,-122,-125,-125,-125,-125,-125,-125,-125,-125,-125,-125,-125,-125,-125,-125,-125,-125,-125,-125,-125,-125,-125,-125,-125,-125,-125,-125,-125,-125,-125,-125,-125,-125,-125,-125,-125,-125,-125,-125,-125,-125;
13:28:32,-125,-122,-122,-110,-125,-125,-122,-125,-122,-122,-116,-116,-125,-122,-125,-125,-122,-122,-116,-125,-125,-125,-125,-125,-125,-125,-125,-125,-125,-125,-125,-125,-125,-125,-125,-125,-125,-125,-125,-125,-125,-125,-125,-125,-125,-125,-125,-125,-125,-125,-125,-125,-125,-125,-125,-125,-125,-125,-125,-125,-125;
13:28:31,-125,-113,-122,-116,-125,-125,-125,-122,-122,-116,-125,-122,-125,-125,-122,-122,-122,-125,-125,-125,-122,-125,-125,-125,-125,-125,-125,-125,-125,-125,-125,-125,-125,-125,-125,-125,-125,-125,-125,-125,-125,-125,-125,-125,-125,-125,-125,-125,-125,-125,-125,-125,-125,-125,-125,-125,-125,-125,-125,-125,-125;
13:28:30,-125,-116,-116,-116,-122,-122,-116,-122,-122,-122,-122,-125,-122,-125,-125,-125,-122,-125,-125,-122,-125,-125,-125,-125,-125,-125,-125,-125,-125,-125,-125,-125,-125,-125,-125,-125,-125,-125,-125,-125,-125,-125,-125,-125,-125,-125,-125,-125,-125,-125,-125,-125,-125,-125,-125,-125,-125,-125,-125,-125,-125;
13:28:29,-122,-125,-116,-116,-122,-122,-122,-125,-125,-125,-122,-122,-122,-122,-125,-122,-125,-125,-125,-125,-125,-122,-125,-125,-125,-125,-125,-125,-125,-125,-125,-122,-125,-122,-125,-125,-125,-125,-125,-125,-125,-125,-125,-125,-125,-125,-125,-125,-125,-125,-125,-125,-125,-125,-125,-125,-125,-125,-125,-125,-125;
13:28:28,-122,-125,-113,-125,-122,-125,-125,-122,-125,-122,-122,-116,-116,-116,-122,-125,-125,-125,-122,-122,-122,-125,-125,-125,-125,-125,-125,-125,-125,-125,-125,-125,-125,-125,-125,-125,-125,-125,-125,-125,-125,-125,-125,-125,-125,-125,-125,-125,-125,-125,-125,-125,-125,-125,-125,-125,-125,-125,-125,-125,-125;
13:28:27,-122,-113,-122,-122,-125,-122,-122,-125,-125,-125,-116,-122,-122,-122,-125,-122,-122,-125,-125,-125,-125,-122,-125,-125,-125,-125,-125,-125,-125,-125,-125,-122,-125,-122,-125,-125,-125,-125,-125,-125,-125,-122,-125,-125,-125,-125,-125,-125,-125,-125,-125,-125,-125,-125,-125,-125,-125,-125,-125,-125,-125;
13:28:26,-125,-122,-125,-122,-125,-125,-125,-122,-125,-125,-122,-122,-113,-125,-125,-125,-125,-125,-125,-122,-122,-122,-125,-122,-122,-122,-125,-122,-122,-125,-122,-125,-125,-125,-125,-125,-125,-125,-125,-125,-125,-125,-125,-122,-125,-125,-125,-125,-125,-125,-125,-125,-125,-125,-125,-125,-125,-125,-125,-125,-125;
13:28:25,-122,-122,-122,-122,-125,-122,-125,-122,-122,-116,-122,-116,-122,-125,-122,-116,-125,-122,-125,-125,-125,-125,-125,-125,-125,-125,-125,-125,-125,-122,-125,-125,-125,-125,-125,-125,-125,-125,-125,-125,-125,-125,-125,-125,-125,-125,-125,-125,-125,-125,-125,-125,-125,-125,-125,-125,-125,-125,-125,-125,-125;
13:28:24,-116,-116,-125,-116,-125,-125,-122,-122,-122,-122,-116,-113,-116,-122,-122,-122,-125,-122,-125,-125,-125,-122,-125,-125,-125,-125,-125,-125,-125,-125,-125,-125,-125,-125,-125,-125,-125,-125,-125,-125,-125,-125,-125,-125,-125,-125,-125,-125,-125,-125,-125,-125,-125,-125,-125,-125,-125,-125,-125,-125,-125;
13:28:23,-116,-116,-122,-116,-122,-125,-125,-122,-122,-116,-113,-122,-116,-122,-122,-122,-125,-125,-122,-125,-125,-125,-125,-125,-125,-125,-125,-125,-125,-125,-125,-125,-125,-125,-125,-125,-125,-125,-125,-125,-125,-125,-125,-125,-125,-125,-125,-125,-125,-125,-125,-125,-125,-125,-125,-125,-125,-125,-125,-125,-125;
13:28:22,-122,-122,-122,-113,-125,-125,-125,-125,-125,-125,-122,-122,-116,-125,-125,-122,-125,-125,-125,-125,-125,-122,-125,-125,-125,-125,-125,-125,-125,-125,-122,-122,-125,-125,-125,-125,-125,-125,-125,-125,-125,-125,-125,-125,-125,-125,-125,-125,-125,-125,-125,-125,-125,-125,-125,-125,-125,-125,-125,-125,-125;
13:28:21,-122,-116,-125,-116,-125,-125,-125,-122,-125,-122,-122,-122,-122,-125,-122,-125,-122,-125,-125,-122,-125,-122,-125,-125,-125,-125,-125,-125,-125,-125,-125,-125,-125,-125,-125,-125,-125,-125,-125,-125,-125,-125,-125,-125,-125,-125,-125,-125,-125,-125,-125,-125,-125,-125,-125,-125,-125,-125,-125,-125,-125;
13:28:20,-125,-113,-122,-122,-125,-122,-125,-125,-122,-122,-122,-125,-122,-122,-122,-122,-125,-122,-122,-122,-125,-122,-125,-125,-125,-125,-125,-125,-125,-125,-125,-125,-125,-125,-125,-125,-125,-125,-125,-125,-125,-125,-125,-125,-125,-125,-125,-125,-125,-125,-125,-125,-125,-125,-125,-125,-125,-125,-125,-125,-125;
13:28:19,-122,-122,-125,-116,-125,-122,-122,-125,-125,-116,-122,-116,-122,-116,-125,-125,-125,-125,-122,-125,-125,-125,-122,-125,-125,-125,-125,-125,-125,-125,-125,-125,-125,-125,-125,-125,-125,-125,-125,-125,-125,-125,-125,-125,-125,-125,-125,-125,-125,-125,-125,-125,-125,-125,-125,-125,-125,-125,-125,-125,-125;
13:28:18,-125,-125,-125,-122,-122,-125,-122,-122,-125,-125,-122,-125,-125,-125,-125,-116,-125,-125,-125,-122,-125,-125,-125,-125,-125,-125,-122,-125,-125,-125,-125,-122,-125,-122,-125,-125,-125,-125,-125,-125,-125,-125,-125,-125,-125,-125,-125,-125,-125,-125,-125,-125,-125,-125,-125,-125,-125,-125,-125,-125,-125;
13:28:17,-125,-116,-125,-122,-122,-125,-122,-122,-125,-116,-116,-122,-125,-122,-125,-125,-125,-125,-122,-125,-122,-122,-125,-125,-125,-125,-125,-125,-125,-125,-125,-125,-125,-125,-125,-125,-125,-125,-125,-125,-125,-125,-125,-125,-125,-125,-125,-125,-125,-125,-125,-125,-125,-125,-125,-125,-125,-125,-125,-125,-125;
13:28:16,-116,-113,-122,-122,-125,-125,-125,-125,-122,-125,-110,-116,-122,-125,-122,-122,-125,-125,-125,-125,-122,-125,-125,-125,-125,-125,-125,-125,-125,-125,-125,-125,-122,-125,-122,-125,-125,-125,-125,-125,-125,-125,-125,-125,-125,-125,-125,-125,-125,-125,-125,-125,-125,-122,-125,-125,-125,-125,-125,-125,-125;
13:28:15,-113,-113,-116,-122,-125,-125,-125,-125,-125,-125,-116,-125,-116,-125,-122,-125,-122,-116,-122,-125,-122,-122,-125,-125,-125,-125,-125,-125,-125,-125,-125,-125,-125,-125,-125,-125,-125,-125,-125,-125,-125,-125,-125,-125,-125,-125,-125,-125,-125,-125,-125,-125,-125,-125,-125,-125,-125,-125,-125,-125,-125;
13:28:14,-98,-113,-113,-113,-122,-116,-122,-125,-122,-116,-113,-125,-116,-125,-125,-125,-125,-125,-122,-122,-125,-125,-125,-125,-125,-125,-125,-125,-125,-125,-125,-125,-125,-125,-125,-125,-125,-125,-125,-122,-125,-125,-125,-125,-125,-125,-125,-125,-125,-125,-125,-125,-125,-125,-125,-125,-125,-125,-125,-125,-125;
13:28:13,-89,-93,-94,-96,-107,-113,-122,-113,-113,-122,-110,-113,-108,-116,-116,-113,-122,-122,-116,-122,-122,-125,-122,-116,-122,-125,-125,-125,-125,-122,-125,-122,-122,-125,-122,-125,-122,-122,-125,-125,-125,-125,-125,-125,-122,-125,-125,-122,-125,-125,-125,-125,-125,-125,-125,-125,-125,-125,-125,-125,-125;
13:28:12,-108,-94,-104,-122,-122,-122,-122,-116,-125,-110,-122,-116,-122,-125,-125,-122,-122,-125,-125,-125,-125,-125,-125,-122,-125,-125,-125,-125,-125,-125,-125,-122,-125,-125,-125,-125,-125,-125,-125,-125,-125,-122,-125,-125,-125,-125,-125,-125,-125,-125,-125,-125,-125,-125,-125,-125,-125,-125,-125,-125,-125;
13:28:11,-110,-108,-116,-110,-125,-122,-125,-125,-122,-116,-125,-122,-122,-122,-125,-113,-122,-116,-122,-125,-125,-125,-125,-125,-125,-125,-125,-125,-125,-125,-125,-125,-125,-125,-125,-125,-125,-125,-125,-125,-125,-125,-125,-125,-125,-125,-125,-125,-125,-125,-125,-125,-125,-125,-125,-125,-125,-125,-125,-125,-125;
13:28:10,-108,-113,-110,-122,-122,-122,-122,-122,-122,-116,-116,-116,-116,-125,-122,-116,-122,-125,-125,-122,-122,-122,-122,-125,-125,-125,-125,-125,-125,-122,-125,-125,-125,-125,-125,-125,-125,-125,-125,-125,-125,-125,-125,-125,-125,-125,-125,-125,-125,-125,-125,-125,-125,-125,-125,-125,-125,-125,-125,-125,-125;
13:28:09,-102,-107,-116,-122,-122,-122,-122,-116,-122,-125,-116,-122,-125,-125,-116,-125,-122,-125,-122,-125,-122,-125,-125,-125,-125,-125,-125,-125,-125,-122,-125,-125,-125,-125,-125,-125,-125,-125,-125,-125,-125,-122,-125,-125,-125,-125,-125,-125,-125,-125,-125,-125,-125,-125,-125,-125,-125,-125,-125,-122,-122;
13:28:08,-89,-89,-95,-105,-108,-105,-108,-107,-110,-113,-116,-113,-107,-116,-125,-113,-116,-122,-122,-116,-122,-122,-116,-116,-122,-116,-122,-122,-122,-122,-122,-122,-125,-122,-122,-122,-122,-122,-125,-122,-122,-122,-122,-122,-125,-122,-125,-125,-125,-122,-122,-122,-122,-125,-125,-125,-122,-122,-125,-122,-125;
13:28:07,-116,-116,-122,-116,-116,-122,-122,-116,-125,-122,-125,-125,-122,-122,-113,-125,-122,-125,-125,-122,-125,-125,-125,-125,-122,-125,-125,-125,-125,-125,-125,-122,-125,-125,-125,-125,-125,-125,-125,-125,-125,-125,-125,-125,-125,-125,-125,-125,-125,-125,-125,-125,-125,-125,-125,-125,-125,-125,-125,-125,-125;
13:28:06,-116,-116,-122,-122,-122,-122,-125,-122,-122,-116,-116,-113,-122,-122,-116,-125,-122,-125,-125,-122,-125,-125,-125,-125,-125,-125,-125,-125,-122,-125,-125,-125,-125,-125,-125,-125,-125,-125,-125,-125,-125,-125,-125,-125,-125,-125,-125,-125,-125,-125,-125,-125,-125,-125,-125,-125,-125,-125,-125,-125,-125;
13:28:05,-116,-110,-122,-122,-125,-125,-125,-122,-122,-122,-113,-116,-125,-122,-122,-125,-122,-122,-125,-122,-125,-125,-125,-125,-125,-125,-125,-122,-122,-125,-125,-125,-125,-125,-125,-125,-125,-125,-125,-125,-125,-125,-125,-125,-125,-125,-125,-125,-125,-125,-125,-125,-125,-125,-125,-125,-125,-125,-125,-125,-125;
13:28:04,-122,-122,-122,-122,-125,-125,-122,-125,-125,-125,-116,-122,-116,-125,-122,-125,-122,-125,-125,-125,-125,-125,-122,-125,-125,-125,-125,-125,-125,-125,-125,-125,-125,-125,-125,-125,-125,-125,-125,-125,-125,-125,-125,-125,-125,-125,-125,-125,-125,-125,-125,-125,-125,-125,-125,-125,-125,-125,-125,-125,-125;
13:28:03,-125,-122,-122,-113,-125,-125,-122,-125,-125,-122,-122,-113,-125,-122,-125,-122,-125,-125,-125,-125,-125,-125,-122,-125,-125,-125,-125,-125,-125,-125,-125,-125,-125,-125,-125,-125,-125,-125,-125,-125,-125,-125,-125,-125,-125,-125,-125,-125,-125,-125,-125,-125,-125,-125,-125,-125,-125,-125,-125,-125,-125;
13:28:02,-116,-107,-113,-107,-125,-125,-122,-122,-122,-125,-116,-116,-116,-122,-122,-125,-116,-125,-125,-125,-122,-122,-125,-125,-125,-125,-125,-125,-125,-125,-125,-125,-125,-125,-125,-125,-125,-125,-125,-125,-125,-125,-125,-125,-125,-125,-125,-125,-125,-125,-125,-125,-125,-125,-125,-125,-125,-125,-125,-125,-125;
13:28:01,-122,-116,-122,-113,-122,-125,-125,-125,-122,-116,-116,-113,-122,-125,-125,-122,-125,-122,-125,-125,-122,-125,-125,-125,-125,-125,-125,-125,-122,-125,-125,-125,-125,-125,-125,-125,-125,-122,-125,-125,-125,-122,-125,-125,-125,-125,-125,-125,-125,-125,-125,-125,-125,-125,-125,-125,-125,-125,-125,-125,-125;
13:28:00,-122,-122,-125,-110,-125,-125,-122,-122,-122,-122,-122,-116,-122,-125,-122,-122,-122,-125,-122,-122,-125,-125,-125,-125,-125,-125,-125,-125,-125,-125,-125,-125,-125,-125,-125,-125,-125,-122,-125,-125,-125,-125,-125,-125,-125,-125,-125,-125,-125,-125,-125,-125,-125,-125,-125,-125,-125,-125,-125,-125,-125;
13:27:59,-116,-122,-122,-108,-122,-125,-125,-125,-125,-122,-122,-116,-113,-122,-125,-122,-122,-125,-122,-122,-125,-125,-125,-125,-125,-122,-125,-125,-125,-125,-122,-125,-125,-125,-125,-125,-125,-125,-125,-122,-125,-125,-125,-125,-125,-125,-125,-125,-125,-125,-125,-125,-125,-125,-125,-125,-125,-125,-125,-125,-125;
13:27:58,-125,-116,-125,-113,-125,-125,-125,-122,-122,-113,-122,-122,-116,-122,-122,-122,-125,-125,-125,-125,-125,-122,-125,-125,-125,-125,-125,-125,-125,-125,-125,-125,-125,-125,-125,-125,-125,-125,-125,-125,-125,-125,-125,-125,-125,-125,-125,-125,-125,-125,-125,-125,-125,-125,-125,-125,-125,-125,-125,-125,-125;
13:27:57,-113,-122,-122,-116,-125,-122,-122,-122,-125,-122,-116,-116,-113,-125,-125,-125,-122,-125,-125,-122,-125,-125,-125,-125,-125,-125,-125,-122,-125,-125,-125,-125,-125,-125,-125,-125,-125,-125,-125,-125,-125,-125,-125,-125,-125,-125,-125,-125,-125,-125,-125,-125,-125,-125,-125,-125,-125,-125,-125,-125,-125;
13:27:56,-108,-116,-113,-110,-125,-122,-125,-122,-122,-125,-122,-116,-116,-122,-122,-122,-122,-125,-125,-125,-125,-125,-122,-125,-125,-125,-125,-125,-125,-125,-125,-125,-125,-122,-125,-125,-125,-125,-125,-125,-125,-125,-125,-125,-125,-125,-125,-125,-125,-125,-125,-125,-125,-125,-125,-125,-125,-125,-125,-125,-125;
13:27:55,-125,-125,-122,-116,-122,-125,-125,-122,-125,-122,-116,-125,-116,-122,-122,-125,-125,-125,-122,-125,-125,-122,-125,-125,-125,-125,-125,-122,-125,-125,-125,-125,-125,-125,-125,-125,-125,-125,-125,-125,-125,-125,-125,-125,-125,-125,-125,-125,-125,-125,-125,-125,-125,-125,-125,-125,-125,-125,-125,-125,-125;
13:27:54,-122,-122,-116,-116,-125,-125,-125,-122,-125,-122,-116,-116,-122,-125,-122,-122,-125,-125,-125,-125,-122,-122,-125,-125,-122,-125,-125,-125,-125,-122,-125,-125,-125,-125,-125,-125,-125,-125,-125,-125,-125,-125,-125,-125,-125,-125,-125,-125,-125,-125,-125,-125,-125,-125,-125,-125,-125,-125,-125,-125,-125;
13:27:53,-122,-116,-122,-113,-125,-122,-122,-125,-125,-122,-125,-116,-122,-122,-116,-125,-122,-125,-125,-125,-125,-125,-125,-125,-122,-125,-125,-125,-125,-125,-125,-125,-122,-122,-125,-125,-125,-125,-125,-125,-125,-125,-125,-125,-125,-125,-125,-125,-125,-125,-125,-125,-125,-125,-125,-125,-125,-125,-125,-125,-125;
13:27:52,-108,-122,-116,-116,-125,-122,-116,-122,-122,-125,-122,-122,-116,-122,-122,-125,-125,-125,-125,-125,-125,-125,-122,-125,-125,-125,-125,-125,-125,-122,-125,-122,-125,-125,-125,-125,-125,-122,-125,-125,-125,-125,-125,-125,-125,-125,-125,-125,-125,-125,-125,-125,-125,-125,-125,-125,-125,-125,-125,-125,-125;
13:27:51,-103,-108,-113,-116,-122,-122,-116,-122,-125,-122,-125,-122,-122,-125,-122,-122,-125,-122,-122,-125,-125,-122,-122,-125,-125,-125,-125,-125,-125,-125,-125,-125,-125,-125,-125,-125,-125,-125,-125,-125,-125,-125,-125,-125,-125,-125,-125,-125,-125,-125,-125,-125,-125,-125,-125,-125,-125,-125,-125,-125,-125;
13:27:50,-125,-122,-116,-122,-116,-125,-122,-125,-122,-125,-122,-122,-122,-122,-125,-122,-125,-125,-125,-122,-122,-122,-125,-125,-125,-125,-125,-125,-125,-125,-125,-125,-125,-125,-122,-125,-125,-125,-125,-125,-125,-125,-125,-125,-125,-125,-125,-125,-125,-125,-125,-125,-125,-125,-125,-125,-125,-125,-125,-125,-125;
13:27:49,-122,-122,-116,-122,-122,-122,-125,-125,-125,-116,-122,-125,-122,-122,-122,-122,-122,-125,-125,-125,-122,-122,-125,-125,-125,-125,-125,-125,-125,-125,-125,-125,-125,-125,-125,-125,-125,-125,-125,-125,-125,-125,-125,-125,-125,-125,-125,-125,-125,-125,-125,-125,-125,-125,-125,-125,-125,-125,-125,-125,-125;
13:27:48,-122,-125,-125,-122,-125,-125,-125,-125,-125,-122,-125,-122,-116,-125,-122,-125,-122,-125,-122,-125,-125,-122,-125,-125,-125,-125,-122,-125,-125,-125,-125,-125,-125,-125,-125,-125,-125,-125,-125,-125,-125,-125,-125,-125,-125,-125,-125,-125,-125,-125,-125,-125,-125,-125,-125,-125,-125,-125,-125,-125,-125;
13:27:47,-122,-113,-125,-116,-122,-125,-125,-125,-125,-122,-116,-125,-122,-125,-125,-125,-125,-122,-125,-125,-125,-122,-125,-125,-125,-125,-125,-125,-125,-125,-125,-125,-125,-125,-125,-125,-125,-125,-125,-125,-125,-125,-125,-125,-125,-125,-125,-125,-125,-125,-125,-125,-125,-122,-125,-125,-125,-125,-125,-125,-125;
13:27:46,-116,-116,-125,-110,-125,-125,-125,-125,-122,-122,-116,-125,-122,-122,-122,-125,-122,-125,-125,-125,-122,-125,-125,-125,-125,-125,-125,-125,-125,-122,-125,-125,-122,-125,-125,-125,-125,-125,-125,-125,-125,-125,-125,-125,-125,-125,-125,-125,-125,-125,-125,-125,-125,-125,-125,-125,-125,-125,-125,-125,-125;
13:27:45,-110,-110,-122,-113,-125,-125,-116,-125,-122,-122,-116,-110,-116,-122,-116,-125,-125,-125,-122,-125,-125,-125,-125,-125,-125,-125,-125,-125,-122,-125,-125,-125,-125,-125,-125,-125,-125,-125,-125,-125,-125,-125,-125,-125,-125,-125,-125,-125,-125,-125,-125,-125,-125,-125,-125,-125,-125,-125,-125,-125,-125;
13:27:44,-102,-122,-110,-122,-122,-113,-125,-122,-125,-122,-116,-116,-122,-122,-125,-125,-125,-125,-122,-125,-125,-122,-125,-125,-125,-125,-125,-125,-125,-125,-125,-125,-125,-125,-125,-125,-125,-125,-125,-125,-125,-125,-125,-125,-125,-125,-125,-125,-125,-125,-125,-125,-125,-125,-125,-125,-125,-125,-125,-125,-125;
13:27:43,-122,-113,-122,-116,-116,-116,-122,-122,-122,-116,-122,-113,-125,-122,-122,-122,-125,-122,-125,-125,-125,-125,-125,-122,-122,-125,-125,-125,-122,-125,-125,-125,-125,-122,-125,-125,-125,-125,-125,-125,-125,-125,-125,-125,-125,-125,-125,-125,-125,-125,-125,-125,-125,-125,-125,-125,-125,-125,-125,-125,-125;
13:27:42,-122,-122,-125,-113,-122,-122,-125,-125,-125,-125,-122,-125,-116,-125,-125,-125,-122,-125,-122,-122,-125,-125,-125,-125,-125,-125,-122,-125,-125,-125,-125,-125,-125,-125,-125,-125,-125,-125,-125,-125,-125,-125,-125,-125,-125,-125,-125,-125,-125,-125,-125,-125,-125,-125,-125,-125,-125,-125,-125,-125,-125;
13:27:41,-113,-116,-122,-116,-125,-125,-125,-125,-122,-122,-122,-125,-125,-125,-122,-122,-122,-122,-122,-122,-125,-125,-125,-125,-125,-125,-125,-125,-125,-125,-125,-125,-125,-125,-125,-125,-125,-125,-125,-125,-125,-125,-125,-125,-125,-125,-125,-125,-125,-125,-125,-125,-125,-125,-125,-125,-125,-125,-125,-125,-125;
13:27:40,-122,-113,-116,-113,-125,-125,-125,-122,-122,-125,-125,-116,-122,-125,-116,-125,-116,-125,-122,-122,-122,-125,-125,-125,-125,-125,-125,-122,-122,-125,-125,-125,-125,-125,-125,-125,-125,-125,-125,-125,-125,-125,-125,-125,-125,-125,-125,-125,-125,-125,-125,-125,-125,-125,-125,-125,-125,-125,-125,-125,-125;
13:27:39,-122,-116,-125,-113,-125,-125,-122,-122,-122,-125,-113,-116,-113,-122,-122,-122,-122,-125,-125,-122,-125,-125,-125,-125,-125,-125,-125,-122,-125,-125,-125,-122,-125,-122,-125,-125,-125,-125,-125,-125,-125,-125,-125,-125,-125,-125,-125,-125,-125,-125,-125,-125,-125,-125,-125,-125,-125,-125,-125,-125,-125;
13:27:38,-125,-116,-116,-113,-125,-125,-125,-122,-122,-122,-116,-122,-122,-125,-125,-122,-125,-125,-125,-122,-125,-125,-125,-125,-125,-125,-125,-125,-125,-125,-125,-125,-125,-125,-125,-125,-125,-125,-125,-125,-125,-125,-125,-125,-125,-125,-125,-125,-125,-125,-125,-125,-125,-125,-125,-125,-125,-125,-125,-125,-125;
13:27:37,-125,-122,-116,-116,-125,-125,-125,-122,-125,-122,-116,-116,-116,-125,-125,-122,-125,-125,-125,-122,-125,-125,-125,-125,-125,-125,-125,-125,-122,-125,-125,-125,-125,-125,-125,-125,-125,-122,-125,-125,-125,-125,-125,-125,-125,-125,-125,-125,-125,-125,-125,-125,-125,-125,-125,-125,-125,-125,-125,-125,-125;
13:27:36,-122,-116,-122,-116,-125,-125,-122,-122,-125,-122,-116,-113,-116,-125,-125,-122,-125,-125,-122,-125,-125,-122,-125,-125,-125,-125,-125,-125,-125,-125,-125,-125,-125,-125,-125,-125,-125,-125,-125,-125,-125,-125,-125,-125,-125,-125,-125,-125,-125,-125,-125,-125,-125,-125,-125,-125,-125,-125,-125,-125,-125;
13:27:35,-122,-116,-122,-116,-122,-122,-122,-125,-125,-125,-122,-122,-116,-116,-125,-122,-122,-125,-125,-122,-125,-122,-125,-125,-125,-122,-125,-125,-125,-125,-125,-125,-125,-125,-125,-125,-122,-125,-125,-125,-125,-125,-125,-125,-125,-125,-125,-125,-125,-125,-125,-125,-125,-125,-125,-125,-125,-125,-125,-125,-125;
13:27:34,-125,-125,-125,-113,-125,-125,-125,-122,-125,-125,-113,-116,-125,-122,-122,-125,-122,-125,-122,-125,-125,-125,-125,-125,-125,-125,-125,-125,-125,-125,-125,-125,-125,-125,-125,-125,-125,-125,-125,-125,-125,-125,-125,-125,-125,-125,-125,-125,-125,-125,-125,-125,-125,-125,-125,-125,-125,-125,-125,-125,-125;
13:27:33,-122,-116,-125,-116,-116,-116,-122,-116,-122,-116,-116,-122,-116,-122,-125,-125,-122,-125,-125,-125,-125,-125,-125,-125,-122,-125,-125,-122,-125,-125,-125,-125,-125,-125,-125,-125,-125,-125,-125,-125,-125,-125,-125,-125,-125,-125,-125,-125,-125,-125,-125,-125,-125,-125,-125,-125,-125,-125,-125,-125,-125;
13:27:32,-125,-122,-122,-125,-122,-125,-125,-122,-125,-122,-122,-122,-116,-122,-116,-122,-125,-122,-125,-125,-125,-125,-125,-125,-125,-125,-125,-125,-125,-125,-122,-125,-125,-125,-125,-125,-125,-125,-125,-125,-125,-125,-125,-125,-122,-125,-125,-125,-125,-125,-125,-125,-125,-125,-125,-125,-125,-125,-125,-125,-125;
13:27:31,-125,-113,-116,-125,-122,-125,-122,-125,-125,-116,-125,-125,-122,-122,-125,-125,-125,-125,-125,-122,-125,-125,-122,-125,-125,-125,-125,-125,-125,-122,-125,-125,-125,-125,-125,-125,-125,-125,-125,-125,-125,-125,-125,-125,-125,-125,-125,-125,-125,-125,-125,-125,-125,-125,-125,-125,-125,-125,-125,-125,-125;
13:27:30,-122,-122,-122,-125,-125,-125,-125,-122,-125,-122,-122,-125,-122,-125,-116,-116,-125,-125,-125,-125,-122,-122,-125,-125,-125,-125,-125,-125,-122,-125,-122,-125,-125,-125,-125,-125,-125,-125,-125,-125,-125,-125,-125,-125,-125,-125,-125,-125,-125,-125,-125,-125,-125,-125,-125,-125,-125,-125,-125,-125,-125;
13:27:29,-116,-122,-122,-122,-116,-125,-122,-122,-122,-125,-116,-113,-125,-122,-125,-125,-122,-125,-122,-125,-125,-125,-125,-125,-125,-125,-122,-125,-125,-125,-125,-125,-125,-125,-125,-125,-125,-125,-125,-125,-125,-125,-125,-125,-125,-125,-125,-125,-125,-125,-125,-125,-125,-125,-125,-125,-125,-125,-125,-125,-125;
13:27:28,-125,-116,-125,-116,-125,-122,-125,-125,-122,-116,-122,-113,-125,-122,-122,-125,-122,-125,-122,-125,-125,-125,-125,-125,-125,-125,-125,-125,-125,-125,-125,-122,-125,-125,-125,-125,-125,-125,-125,-125,-125,-125,-125,-125,-125,-125,-125,-125,-125,-125,-125,-125,-125,-125,-125,-125,-125,-125,-125,-125,-125;
13:27:27,-125,-122,-125,-116,-125,-125,-122,-122,-122,-122,-116,-122,-122,-125,-122,-122,-125,-125,-125,-125,-122,-125,-125,-125,-125,-125,-125,-125,-125,-125,-125,-125,-125,-125,-125,-125,-125,-125,-125,-122,-125,-125,-125,-125,-125,-125,-125,-125,-125,-125,-125,-125,-125,-125,-125,-125,-125,-125,-125,-125,-125;
13:27:26,-125,-122,-122,-122,-122,-125,-122,-122,-122,-122,-113,-122,-110,-122,-125,-122,-122,-125,-125,-125,-125,-125,-125,-125,-125,-125,-125,-125,-125,-125,-125,-125,-125,-125,-125,-125,-125,-125,-125,-125,-125,-125,-125,-125,-125,-125,-125,-125,-125,-125,-125,-125,-125,-125,-125,-125,-125,-125,-125,-125,-125;
13:27:25,-125,-122,-122,-122,-125,-125,-125,-122,-122,-125,-116,-125,-116,-125,-122,-122,-125,-125,-125,-125,-125,-125,-125,-125,-125,-125,-125,-125,-125,-125,-125,-125,-125,-125,-125,-125,-125,-125,-125,-125,-125,-125,-125,-125,-125,-125,-125,-125,-125,-125,-125,-125,-125,-125,-125,-125,-125,-125,-125,-125,-125;
13:27:24,-116,-116,-122,-113,-125,-125,-122,-125,-125,-125,-122,-125,-116,-122,-122,-125,-122,-122,-125,-125,-125,-122,-125,-125,-125,-125,-125,-125,-122,-125,-125,-125,-125,-122,-125,-125,-125,-125,-125,-125,-125,-125,-125,-125,-125,-125,-125,-125,-125,-125,-125,-125,-125,-125,-125,-125,-125,-125,-125,-125,-125;
13:27:23,-125,-122,-122,-116,-125,-125,-125,-125,-125,-122,-125,-113,-122,-122,-122,-122,-122,-122,-125,-122,-125,-125,-125,-125,-125,-125,-125,-125,-125,-125,-125,-125,-125,-125,-125,-125,-125,-125,-125,-125,-125,-125,-125,-125,-125,-125,-125,-125,-125,-125,-125,-125,-125,-125,-125,-125,-125,-125,-125,-125,-125;
13:27:22,-122,-125,-116,-116,-125,-125,-125,-125,-125,-122,-125,-122,-122,-125,-122,-122,-122,-125,-125,-122,-125,-125,-125,-125,-125,-125,-125,-125,-125,-125,-125,-125,-125,-125,-125,-125,-125,-125,-125,-125,-125,-125,-125,-125,-125,-125,-125,-125,-125,-125,-125,-125,-125,-125,-125,-125,-125,-125,-125,-125,-125;
13:27:21,-122,-110,-122,-113,-125,-125,-122,-122,-116,-125,-113,-122,-113,-122,-125,-125,-125,-116,-125,-125,-122,-125,-125,-125,-125,-125,-125,-125,-125,-125,-125,-125,-125,-125,-125,-125,-125,-122,-125,-125,-125,-125,-125,-125,-125,-125,-125,-125,-125,-125,-125,-125,-125,-125,-125,-125,-125,-125,-125,-125,-125;
13:27:20,-122,-116,-116,-113,-122,-122,-122,-125,-125,-125,-125,-122,-125,-125,-122,-122,-122,-122,-122,-122,-122,-122,-125,-125,-125,-125,-125,-125,-125,-125,-125,-125,-125,-125,-125,-125,-125,-125,-125,-125,-125,-125,-125,-125,-125,-125,-125,-125,-125,-125,-125,-125,-125,-125,-125,-125,-125,-125,-125,-125,-125;
13:27:19,-122,-125,-125,-113,-125,-122,-122,-125,-122,-122,-122,-122,-122,-125,-122,-125,-122,-125,-125,-125,-125,-122,-125,-125,-125,-125,-125,-125,-125,-125,-125,-125,-125,-125,-125,-125,-125,-125,-125,-125,-125,-125,-125,-125,-125,-125,-125,-125,-125,-125,-125,-125,-125,-125,-125,-125,-125,-125,-125,-125,-125;
13:27:18,-122,-116,-122,-113,-122,-125,-125,-116,-125,-122,-122,-125,-116,-122,-125,-125,-122,-125,-125,-125,-125,-125,-122,-125,-125,-122,-125,-125,-125,-125,-125,-125,-125,-125,-125,-125,-125,-125,-125,-125,-125,-125,-125,-125,-125,-125,-125,-125,-125,-125,-125,-125,-125,-125,-125,-125,-125,-125,-125,-125,-125;
13:27:17,-125,-116,-116,-110,-122,-125,-116,-122,-125,-125,-116,-122,-116,-125,-125,-125,-125,-125,-122,-125,-125,-122,-125,-125,-125,-122,-125,-125,-125,-125,-125,-125,-125,-122,-125,-125,-125,-125,-125,-125,-125,-125,-125,-125,-125,-125,-125,-125,-125,-125,-125,-125,-125,-125,-125,-125,-125,-125,-125,-125,-125;
13:27:16,-122,-116,-122,-113,-122,-125,-122,-116,-125,-116,-113,-122,-125,-122,-125,-122,-125,-125,-125,-125,-125,-125,-125,-125,-125,-125,-125,-125,-125,-125,-125,-125,-125,-125,-125,-125,-125,-125,-125,-125,-125,-125,-125,-125,-125,-125,-125,-125,-125,-125,-125,-125,-125,-125,-125,-125,-125,-125,-125,-125,-125;
13:27:15,-125,-122,-125,-116,-122,-122,-122,-122,-122,-125,-113,-116,-122,-125,-125,-122,-125,-122,-125,-125,-125,-125,-125,-125,-125,-125,-125,-125,-125,-125,-125,-122,-122,-125,-125,-125,-125,-125,-125,-125,-125,-125,-125,-125,-125,-125,-125,-125,-125,-125,-125,-125,-125,-125,-125,-125,-125,-125,-125,-125,-125;
13:27:14,-125,-116,-122,-122,-122,-116,-116,-125,-125,-125,-113,-113,-122,-122,-122,-122,-122,-125,-125,-122,-125,-122,-125,-125,-122,-125,-125,-125,-125,-125,-125,-125,-125,-125,-125,-125,-125,-125,-125,-125,-122,-125,-125,-125,-125,-125,-125,-125,-125,-125,-125,-125,-125,-125,-125,-125,-125,-125,-125,-125,-125;
13:27:13,-125,-116,-116,-122,-122,-122,-125,-125,-125,-125,-122,-113,-116,-122,-122,-125,-122,-122,-125,-125,-125,-125,-122,-125,-125,-125,-125,-125,-125,-125,-122,-125,-125,-125,-125,-125,-125,-125,-125,-125,-125,-125,-125,-125,-125,-125,-125,-125,-125,-125,-125,-125,-125,-125,-125,-125,-125,-125,-125,-125,-125;
13:27:12,-122,-122,-122,-122,-122,-122,-125,-122,-125,-116,-122,-125,-125,-125,-122,-125,-125,-125,-125,-125,-125,-122,-125,-125,-125,-125,-125,-125,-125,-125,-125,-125,-125,-125,-125,-125,-125,-125,-125,-125,-125,-125,-125,-125,-125,-125,-125,-125,-125,-125,-125,-125,-125,-125,-125,-125,-125,-125,-125,-125,-125;
13:27:11,-116,-122,-125,-125,-122,-125,-125,-122,-125,-116,-125,-125,-122,-125,-122,-125,-125,-125,-125,-125,-125,-125,-125,-125,-125,-125,-125,-125,-125,-125,-125,-122,-125,-125,-125,-125,-125,-125,-125,-125,-125,-125,-125,-125,-125,-125,-125,-125,-125,-125,-125,-125,-125,-125,-125,-125,-125,-125,-125,-125,-125;
13:27:10,-116,-122,-122,-116,-125,-125,-116,-122,-122,-116,-122,-116,-125,-125,-122,-125,-122,-122,-125,-122,-125,-125,-125,-125,-125,-122,-122,-125,-125,-125,-125,-125,-125,-125,-125,-125,-125,-125,-125,-125,-125,-125,-125,-125,-125,-125,-125,-125,-125,-125,-125,-125,-125,-125,-125,-125,-125,-125,-125,-125,-125;
13:27:09,-122,-116,-122,-116,-125,-125,-125,-125,-116,-125,-110,-122,-113,-125,-125,-122,-125,-122,-122,-125,-125,-125,-125,-125,-125,-125,-125,-125,-125,-125,-125,-125,-125,-125,-125,-125,-125,-122,-125,-125,-125,-125,-125,-125,-125,-125,-125,-125,-125,-125,-125,-125,-125,-125,-125,-125,-125,-125,-125,-125,-125;
13:27:08,-125,-116,-125,-116,-122,-116,-122,-125,-116,-116,-125,-122,-122,-122,-122,-116,-122,-122,-125,-125,-122,-125,-125,-125,-125,-125,-125,-125,-125,-125,-125,-125,-125,-125,-125,-125,-125,-125,-125,-125,-125,-125,-125,-125,-125,-125,-125,-125,-125,-125,-125,-125,-125,-125,-125,-125,-125,-125,-125,-125,-125;
13:27:07,-122,-122,-122,-125,-125,-122,-122,-122,-125,-125,-116,-122,-116,-125,-125,-122,-122,-125,-125,-122,-125,-122,-125,-125,-125,-125,-125,-125,-125,-125,-125,-125,-125,-125,-125,-125,-125,-122,-125,-125,-125,-125,-125,-125,-125,-125,-125,-125,-125,-125,-125,-125,-125,-125,-125,-125,-125,-125,-125,-125,-125;
13:27:06,-116,-113,-125,-116,-122,-125,-125,-125,-125,-122,-122,-113,-116,-125,-125,-116,-122,-122,-125,-122,-125,-125,-125,-125,-125,-125,-125,-122,-125,-125,-125,-125,-125,-125,-125,-125,-125,-125,-125,-125,-125,-125,-125,-125,-125,-125,-125,-125,-125,-125,-125,-125,-125,-125,-125,-125,-125,-125,-125,-125,-125;
13:27:05,-116,-122,-122,-116,-125,-122,-122,-125,-122,-122,-122,-113,-122,-122,-122,-125,-116,-125,-125,-125,-125,-125,-125,-125,-125,-125,-125,-125,-122,-125,-122,-122,-125,-125,-125,-125,-125,-125,-125,-125,-125,-125,-125,-125,-125,-125,-125,-125,-122,-125,-125,-125,-125,-125,-125,-125,-125,-125,-125,-125,-125;
13:27:04,-125,-125,-125,-122,-125,-125,-122,-125,-122,-116,-116,-122,-122,-122,-122,-122,-122,-125,-125,-125,-125,-125,-125,-125,-125,-125,-125,-125,-125,-125,-125,-125,-125,-125,-125,-125,-125,-125,-125,-125,-125,-125,-125,-125,-125,-125,-125,-125,-125,-125,-125,-125,-125,-125,-125,-125,-125,-125,-125,-125,-125;
13:27:03,-125,-125,-116,-116,-122,-122,-125,-122,-122,-125,-125,-122,-122,-122,-122,-116,-125,-122,-125,-122,-125,-125,-125,-125,-125,-125,-125,-122,-125,-125,-125,-125,-125,-125,-125,-125,-125,-125,-125,-125,-125,-125,-125,-125,-125,-125,-125,-125,-125,-125,-125,-125,-125,-125,-125,-125,-125,-125,-125,-125,-125;
13:27:02,-116,-113,-122,-122,-122,-122,-125,-125,-125,-116,-110,-122,-122,-122,-122,-122,-125,-125,-122,-125,-122,-125,-125,-125,-125,-125,-125,-125,-125,-125,-125,-125,-125,-125,-125,-125,-125,-125,-125,-125,-125,-125,-125,-125,-125,-125,-125,-125,-125,-125,-125,-122,-125,-125,-125,-125,-125,-125,-125,-125,-125;
13:27:01,-113,-116,-125,-116,-125,-125,-122,-125,-125,-125,-125,-116,-116,-122,-125,-125,-122,-125,-125,-122,-125,-125,-125,-125,-125,-125,-125,-125,-125,-125,-125,-125,-125,-125,-125,-125,-125,-125,-125,-125,-125,-125,-125,-125,-125,-125,-125,-125,-125,-122,-125,-125,-125,-125,-125,-125,-125,-125,-125,-125,-125;
13:27:00,-125,-113,-125,-122,-122,-125,-122,-125,-125,-116,-116,-113,-125,-122,-122,-125,-125,-122,-125,-125,-125,-122,-125,-125,-125,-125,-125,-125,-125,-125,-125,-125,-125,-122,-125,-125,-125,-125,-125,-125,-125,-125,-125,-125,-125,-125,-125,-125,-125,-125,-125,-125,-125,-125,-125,-125,-125,-125,-125,-125,-125;
13:26:59,-125,-125,-122,-122,-125,-125,-122,-122,-122,-122,-122,-125,-122,-125,-125,-125,-122,-125,-125,-125,-125,-125,-125,-125,-125,-125,-125,-125,-125,-125,-125,-125,-125,-125,-125,-125,-125,-125,-125,-125,-125,-125,-125,-125,-125,-125,-125,-125,-125,-125,-125,-125,-125,-125,-125,-125,-125,-125,-125,-125,-125;
13:26:58,-125,-125,-116,-122,-125,-125,-122,-122,-122,-122,-125,-113,-113,-122,-125,-125,-122,-125,-125,-125,-125,-125,-125,-125,-125,-125,-125,-125,-125,-125,-125,-125,-125,-125,-125,-125,-125,-122,-125,-125,-125,-125,-125,-125,-125,-125,-125,-125,-125,-125,-125,-125,-125,-125,-125,-125,-125,-125,-125,-125,-125;
13:26:57,-116,-122,-125,-116,-125,-125,-125,-122,-125,-125,-116,-125,-125,-122,-122,-122,-122,-125,-125,-125,-125,-125,-125,-125,-125,-125,-125,-125,-125,-125,-125,-125,-125,-125,-125,-125,-125,-125,-125,-125,-125,-125,-125,-125,-125,-125,-125,-125,-125,-125,-125,-125,-125,-125,-125,-125,-125,-125,-125,-125,-125;
13:26:56,-110,-113,-122,-116,-125,-125,-125,-122,-125,-125,-116,-125,-122,-122,-125,-122,-125,-125,-125,-122,-125,-125,-125,-125,-125,-125,-125,-125,-125,-125,-125,-125,-125,-125,-125,-125,-125,-125,-125,-125,-125,-125,-125,-125,-125,-125,-125,-125,-125,-122,-125,-122,-125,-125,-125,-125,-125,-125,-125,-125,-125;
13:26:55,-104,-107,-110,-122,-122,-122,-125,-122,-122,-125,-125,-116,-116,-122,-122,-125,-125,-125,-125,-125,-122,-125,-122,-125,-125,-125,-122,-122,-125,-125,-125,-125,-125,-125,-125,-125,-125,-125,-125,-125,-125,-125,-125,-125,-125,-125,-125,-125,-125,-125,-125,-125,-125,-125,-125,-125,-125,-125,-125,-125,-125;
13:26:54,-122,-122,-116,-125,-125,-125,-125,-122,-122,-116,-122,-125,-113,-125,-122,-125,-122,-125,-122,-125,-122,-122,-125,-125,-125,-125,-125,-125,-125,-125,-125,-122,-125,-125,-125,-125,-125,-125,-125,-125,-125,-125,-125,-125,-125,-125,-125,-125,-125,-125,-125,-125,-125,-125,-125,-125,-125,-125,-125,-125,-125;
13:26:53,-116,-122,-122,-122,-125,-125,-125,-125,-125,-125,-125,-116,-125,-122,-125,-125,-125,-125,-125,-125,-125,-125,-125,-125,-125,-125,-125,-125,-125,-125,-125,-125,-125,-125,-125,-125,-125,-122,-125,-125,-125,-125,-125,-125,-125,-125,-125,-125,-125,-125,-125,-125,-125,-125,-125,-125,-125,-125,-125,-125,-125;
13:26:52,-125,-122,-125,-122,-122,-125,-122,-125,-122,-122,-113,-116,-116,-125,-125,-125,-125,-125,-125,-125,-125,-125,-125,-125,-125,-125,-125,-125,-125,-125,-125,-125,-125,-125,-125,-125,-125,-125,-125,-125,-125,-125,-125,-125,-125,-125,-125,-125,-125,-125,-125,-125,-125,-125,-125,-125,-125,-125,-125,-125,-125;
13:26:51,-116,-107,-125,-122,-122,-122,-122,-122,-125,-122,-125,-125,-116,-116,-122,-122,-125,-125,-122,-125,-125,-122,-125,-125,-125,-125,-125,-125,-125,-125,-125,-125,-125,-125,-125,-125,-125,-125,-125,-125,-125,-125,-125,-125,-125,-125,-125,-125,-125,-125,-125,-125,-125,-125,-125,-125,-125,-125,-125,-125,-125;
13:26:50,-116,-122,-125,-122,-125,-125,-125,-125,-125,-122,-122,-122,-122,-122,-122,-125,-125,-125,-125,-125,-122,-125,-125,-125,-125,-125,-125,-125,-125,-125,-125,-125,-125,-125,-125,-125,-125,-122,-125,-125,-125,-125,-125,-125,-125,-125,-125,-125,-125,-125,-125,-125,-125,-125,-125,-125,-125,-125,-125,-125,-125;
13:26:49,-113,-125,-125,-122,-125,-125,-122,-122,-125,-125,-116,-122,-113,-125,-125,-125,-122,-125,-125,-125,-125,-125,-125,-125,-125,-122,-125,-125,-125,-125,-125,-125,-122,-125,-125,-125,-125,-125,-125,-125,-125,-125,-125,-125,-125,-125,-125,-125,-125,-125,-125,-125,-125,-125,-125,-125,-125,-125,-125,-125,-125;
13:26:48,-125,-122,-125,-122,-125,-125,-125,-116,-122,-125,-116,-122,-122,-122,-122,-125,-125,-125,-125,-122,-122,-122,-125,-125,-125,-125,-125,-125,-125,-125,-125,-125,-125,-125,-125,-125,-125,-125,-125,-125,-125,-125,-122,-125,-125,-125,-125,-125,-125,-125,-125,-125,-125,-125,-125,-125,-125,-125,-125,-125,-125;
13:26:47,-122,-125,-116,-122,-122,-125,-125,-125,-122,-116,-113,-113,-113,-125,-125,-125,-122,-125,-122,-125,-125,-122,-125,-125,-125,-125,-125,-125,-125,-125,-125,-125,-125,-125,-125,-125,-125,-125,-125,-125,-125,-125,-125,-125,-125,-125,-125,-125,-125,-125,-125,-125,-125,-125,-125,-125,-125,-125,-125,-125,-125;
13:26:46,-125,-113,-125,-122,-125,-122,-122,-122,-122,-122,-122,-113,-122,-122,-122,-125,-125,-125,-122,-125,-122,-125,-125,-125,-125,-125,-125,-125,-125,-125,-122,-125,-125,-125,-125,-125,-125,-125,-125,-125,-125,-125,-125,-125,-125,-125,-125,-125,-125,-125,-125,-125,-125,-125,-125,-125,-125,-125,-125,-125,-125;
13:26:45,-122,-116,-125,-122,-122,-122,-122,-125,-122,-122,-113,-113,-116,-122,-122,-122,-125,-125,-122,-125,-125,-122,-125,-125,-125,-125,-125,-122,-125,-125,-125,-125,-125,-125,-125,-125,-125,-125,-125,-125,-125,-125,-125,-125,-125,-125,-125,-125,-125,-125,-125,-125,-125,-125,-125,-125,-125,-125,-125,-125,-125;
13:26:44,-122,-125,-125,-125,-122,-125,-125,-125,-125,-122,-125,-122,-116,-125,-125,-125,-125,-122,-125,-125,-125,-122,-125,-125,-125,-125,-125,-125,-125,-125,-125,-125,-125,-125,-125,-125,-125,-125,-125,-125,-125,-125,-125,-125,-125,-125,-125,-125,-125,-122,-125,-125,-125,-125,-125,-125,-125,-125,-125,-125,-125;
13:26:43,-125,-113,-122,-116,-122,-125,-122,-125,-122,-125,-116,-122,-125,-122,-122,-125,-125,-122,-125,-125,-125,-125,-125,-125,-125,-125,-125,-125,-125,-125,-125,-125,-125,-125,-125,-125,-125,-125,-125,-125,-125,-125,-125,-125,-125,-125,-125,-125,-125,-125,-125,-125,-125,-125,-125,-125,-125,-125,-125,-125,-125;
13:26:42,-116,-116,-116,-125,-122,-125,-125,-122,-122,-125,-116,-116,-125,-125,-122,-122,-125,-125,-125,-122,-125,-122,-125,-125,-125,-125,-125,-125,-125,-125,-125,-125,-125,-125,-125,-125,-125,-125,-125,-125,-125,-125,-125,-125,-125,-125,-125,-125,-125,-125,-125,-125,-125,-125,-125,-125,-125,-125,-125,-125,-125;
13:26:41,-122,-122,-122,-125,-125,-125,-125,-125,-125,-122,-122,-122,-122,-122,-122,-125,-122,-125,-125,-122,-125,-125,-125,-125,-125,-125,-125,-125,-125,-125,-125,-125,-125,-125,-125,-125,-125,-125,-125,-125,-125,-125,-125,-125,-125,-125,-125,-125,-125,-125,-125,-125,-125,-125,-125,-125,-125,-125,-125,-125,-125;
13:26:40,-122,-122,-125,-122,-125,-122,-125,-122,-116,-125,-122,-122,-122,-122,-125,-122,-122,-125,-125,-122,-122,-122,-122,-125,-125,-125,-125,-125,-125,-125,-125,-125,-125,-125,-125,-125,-125,-125,-125,-125,-125,-125,-125,-125,-125,-125,-125,-125,-125,-125,-125,-125,-125,-125,-125,-125,-125,-125,-125,-125,-125;
13:26:39,-125,-125,-122,-122,-125,-125,-122,-125,-122,-125,-122,-122,-122,-125,-122,-122,-122,-125,-122,-122,-125,-122,-125,-125,-125,-125,-125,-125,-125,-125,-125,-125,-125,-125,-125,-125,-125,-125,-125,-125,-125,-125,-125,-125,-122,-125,-125,-125,-125,-125,-125,-125,-125,-125,-125,-125,-125,-125,-125,-125,-125;
13:26:38,-125,-125,-125,-122,-125,-125,-125,-125,-125,-122,-122,-116,-125,-122,-122,-122,-125,-125,-125,-125,-125,-125,-125,-125,-125,-125,-125,-125,-125,-125,-125,-125,-125,-125,-125,-125,-125,-125,-125,-125,-125,-125,-125,-125,-125,-125,-125,-125,-125,-125,-125,-125,-125,-125,-125,-125,-125,-125,-125,-125,-125;
13:26:37,-122,-125,-116,-122,-122,-122,-125,-122,-125,-122,-113,-122,-125,-116,-116,-125,-125,-125,-122,-122,-125,-125,-125,-125,-122,-125,-125,-122,-122,-125,-122,-125,-125,-125,-125,-125,-125,-125,-125,-122,-125,-125,-125,-125,-125,-125,-125,-125,-125,-125,-125,-125,-125,-125,-125,-125,-125,-125,-125,-125,-125;
13:26:36,-125,-116,-116,-125,-122,-125,-122,-122,-122,-122,-122,-125,-125,-122,-122,-125,-122,-125,-122,-122,-125,-125,-125,-125,-125,-125,-125,-122,-125,-125,-125,-125,-125,-125,-125,-125,-125,-125,-125,-125,-125,-125,-125,-125,-125,-125,-125,-125,-125,-125,-125,-125,-125,-125,-125,-125,-125,-125,-125,-125,-125;
13:26:35,-116,-116,-116,-122,-122,-125,-122,-125,-122,-122,-116,-122,-122,-122,-125,-125,-122,-125,-125,-125,-122,-125,-125,-125,-125,-125,-125,-125,-125,-125,-125,-125,-125,-125,-125,-125,-125,-125,-125,-125,-125,-125,-125,-125,-125,-125,-125,-125,-125,-125,-125,-125,-125,-125,-125,-125,-125,-125,-125,-125,-125;
13:26:34,-125,-116,-116,-125,-122,-125,-122,-125,-125,-116,-125,-116,-125,-116,-116,-122,-125,-125,-125,-125,-125,-125,-125,-122,-125,-125,-125,-125,-125,-125,-125,-125,-125,-125,-125,-125,-125,-125,-125,-125,-125,-125,-125,-125,-125,-125,-125,-125,-125,-125,-125,-125,-125,-125,-125,-125,-125,-125,-125,-125,-125;
13:26:33,-122,-122,-122,-125,-125,-125,-125,-125,-122,-125,-125,-122,-113,-122,-125,-125,-122,-116,-122,-125,-125,-125,-125,-125,-125,-125,-125,-125,-125,-125,-125,-125,-125,-125,-125,-125,-125,-125,-125,-125,-125,-125,-125,-125,-125,-125,-125,-125,-125,-125,-125,-125,-125,-125,-125,-125,-125,-125,-125,-125,-125;
13:26:32,-125,-116,-125,-122,-125,-125,-125,-125,-125,-122,-116,-122,-125,-125,-125,-122,-125,-122,-125,-125,-125,-125,-125,-125,-122,-125,-125,-125,-122,-125,-125,-125,-125,-125,-125,-125,-125,-125,-125,-125,-125,-125,-125,-125,-125,-125,-125,-125,-125,-125,-125,-125,-125,-125,-125,-125,-125,-125,-125,-125,-125;
13:26:31,-125,-122,-125,-122,-125,-125,-122,-122,-122,-122,-113,-116,-125,-125,-125,-125,-122,-122,-122,-125,-125,-125,-125,-125,-125,-125,-125,-125,-125,-125,-125,-125,-125,-125,-125,-125,-125,-125,-125,-125,-125,-125,-125,-125,-125,-125,-125,-125,-125,-125,-125,-125,-125,-125,-125,-125,-125,-125,-125,-125,-125;
13:26:30,-122,-122,-125,-116,-125,-122,-122,-122,-125,-122,-116,-116,-122,-122,-122,-125,-125,-125,-125,-125,-125,-122,-125,-125,-125,-125,-125,-125,-125,-125,-125,-125,-125,-122,-125,-125,-125,-125,-125,-125,-125,-125,-125,-125,-125,-125,-125,-125,-125,-125,-125,-125,-125,-125,-125,-125,-125,-125,-125,-125,-125;
13:26:29,-122,-122,-122,-113,-125,-125,-125,-122,-125,-122,-116,-122,-125,-122,-125,-116,-122,-122,-125,-122,-125,-125,-125,-125,-125,-125,-125,-125,-122,-125,-122,-125,-125,-125,-125,-125,-125,-125,-125,-125,-125,-125,-125,-125,-125,-125,-125,-125,-125,-125,-125,-125,-125,-125,-125,-125,-125,-125,-125,-125,-125;
13:26:28,-125,-116,-125,-116,-125,-125,-125,-125,-125,-125,-113,-116,-122,-125,-122,-125,-122,-125,-125,-122,-125,-125,-125,-125,-122,-125,-125,-125,-125,-125,-122,-125,-125,-125,-125,-125,-125,-125,-125,-125,-125,-125,-125,-125,-125,-125,-125,-125,-125,-125,-125,-125,-125,-125,-125,-125,-125,-125,-125,-125,-125;
13:26:27,-125,-122,-125,-122,-125,-125,-122,-125,-116,-125,-125,-125,-116,-125,-125,-125,-125,-125,-125,-125,-125,-125,-125,-125,-125,-125,-125,-125,-125,-125,-125,-125,-125,-125,-125,-125,-125,-125,-125,-125,-125,-125,-125,-125,-125,-125,-125,-125,-125,-125,-125,-125,-125,-125,-125,-125,-125,-125,-125,-125,-125;
13:26:26,-122,-116,-122,-116,-125,-125,-125,-125,-122,-122,-122,-116,-122,-125,-125,-116,-122,-125,-122,-125,-125,-125,-125,-125,-125,-125,-122,-125,-125,-125,-125,-125,-122,-122,-125,-125,-125,-125,-125,-125,-125,-125,-125,-125,-125,-125,-125,-125,-125,-125,-125,-125,-125,-125,-125,-125,-125,-125,-125,-125,-125;
13:26:25,-122,-122,-122,-122,-125,-125,-125,-116,-125,-125,-116,-116,-116,-122,-122,-125,-125,-122,-125,-122,-125,-125,-125,-125,-125,-125,-125,-125,-125,-125,-125,-125,-125,-125,-125,-125,-125,-122,-125,-125,-125,-125,-125,-125,-125,-125,-125,-125,-125,-125,-125,-125,-125,-125,-125,-125,-125,-125,-125,-125,-125;
13:26:24,-122,-113,-122,-116,-125,-122,-125,-122,-122,-116,-125,-116,-122,-125,-122,-122,-125,-125,-125,-125,-125,-125,-125,-125,-125,-125,-125,-125,-122,-125,-122,-125,-125,-125,-125,-125,-125,-125,-125,-125,-125,-125,-125,-125,-125,-125,-125,-125,-125,-125,-125,-125,-125,-125,-125,-125,-125,-125,-125,-125,-125;
13:26:23,-122,-125,-122,-122,-125,-122,-116,-125,-125,-122,-116,-116,-122,-122,-125,-125,-122,-125,-125,-125,-125,-125,-125,-125,-125,-125,-125,-125,-122,-125,-125,-125,-125,-125,-125,-125,-125,-122,-125,-125,-125,-125,-125,-125,-125,-125,-125,-125,-125,-125,-125,-125,-125,-125,-125,-125,-125,-125,-125,-125,-125;
13:26:22,-122,-125,-125,-116,-122,-122,-125,-122,-122,-122,-122,-122,-122,-122,-122,-125,-122,-125,-125,-125,-122,-125,-122,-125,-125,-125,-125,-125,-122,-125,-125,-125,-125,-125,-125,-125,-125,-125,-125,-125,-125,-125,-125,-125,-125,-125,-125,-125,-125,-125,-125,-125,-125,-125,-125,-125,-125,-125,-125,-125,-125;
13:26:21,-125,-113,-116,-116,-125,-125,-122,-125,-125,-122,-116,-122,-125,-122,-122,-125,-125,-122,-125,-125,-122,-122,-122,-125,-125,-125,-125,-125,-125,-125,-125,-125,-125,-125,-125,-125,-125,-125,-125,-125,-125,-125,-125,-125,-125,-125,-125,-125,-125,-125,-125,-125,-125,-125,-125,-125,-125,-125,-125,-125,-125;
13:26:20,-125,-116,-125,-113,-122,-125,-125,-125,-125,-125,-113,-125,-125,-125,-125,-122,-125,-125,-125,-125,-125,-122,-125,-125,-125,-125,-125,-125,-125,-125,-125,-125,-125,-125,-125,-125,-125,-125,-125,-125,-125,-125,-125,-125,-125,-125,-125,-125,-125,-125,-125,-125,-125,-125,-125,-125,-125,-125,-125,-125,-125;
13:26:19,-125,-116,-122,-110,-125,-125,-122,-125,-125,-116,-122,-122,-125,-125,-125,-125,-125,-125,-125,-125,-125,-125,-125,-125,-125,-122,-125,-125,-125,-125,-125,-122,-125,-125,-125,-125,-125,-125,-125,-125,-125,-125,-125,-125,-125,-125,-125,-125,-125,-125,-125,-125,-125,-125,-125,-125,-125,-125,-125,-125,-125;
13:26:18,-125,-122,-116,-122,-122,-122,-125,-125,-122,-122,-113,-116,-122,-125,-125,-125,-116,-125,-122,-125,-125,-125,-125,-125,-125,-125,-125,-125,-125,-125,-125,-125,-125,-125,-125,-125,-125,-125,-125,-125,-125,-125,-125,-125,-125,-125,-125,-125,-125,-125,-125,-125,-125,-125,-125,-125,-125,-125,-125,-125,-125;
13:26:17,-125,-125,-116,-116,-122,-122,-122,-122,-125,-116,-122,-113,-116,-122,-122,-122,-122,-125,-125,-125,-125,-125,-125,-125,-125,-125,-125,-125,-125,-125,-125,-122,-125,-125,-122,-125,-125,-125,-125,-125,-125,-125,-125,-125,-125,-125,-125,-125,-125,-125,-125,-125,-125,-125,-125,-125,-125,-125,-125,-125,-125;
13:26:16,-122,-122,-122,-122,-116,-122,-125,-122,-122,-122,-122,-122,-116,-116,-122,-125,-125,-125,-125,-125,-125,-125,-125,-122,-125,-125,-125,-125,-125,-125,-125,-125,-122,-125,-125,-125,-125,-125,-125,-125,-125,-125,-125,-125,-125,-125,-125,-125,-125,-125,-125,-125,-125,-125,-125,-125,-125,-125,-125,-125,-125;
13:26:15,-116,-125,-113,-116,-116,-125,-125,-125,-125,-122,-122,-122,-125,-122,-125,-122,-125,-125,-125,-125,-125,-125,-125,-125,-125,-125,-125,-125,-125,-125,-125,-122,-125,-125,-125,-125,-125,-125,-125,-125,-125,-125,-125,-125,-125,-125,-125,-125,-125,-125,-125,-125,-125,-125,-125,-125,-125,-125,-125,-125,-125;
13:26:14,-116,-113,-122,-113,-125,-125,-122,-125,-122,-125,-116,-116,-113,-125,-116,-122,-125,-125,-125,-125,-125,-125,-125,-125,-125,-125,-125,-125,-125,-125,-125,-125,-125,-125,-125,-125,-125,-122,-125,-125,-125,-125,-125,-125,-125,-125,-125,-125,-125,-125,-125,-125,-125,-125,-125,-125,-125,-125,-125,-125,-125;
13:26:13,-113,-113,-125,-122,-125,-125,-122,-125,-125,-122,-125,-125,-122,-125,-125,-122,-125,-122,-125,-125,-125,-125,-125,-125,-125,-125,-125,-125,-125,-125,-125,-125,-125,-125,-125,-125,-125,-125,-125,-125,-125,-125,-125,-125,-125,-125,-125,-125,-125,-125,-125,-125,-125,-125,-125,-125,-125,-125,-125,-125,-125;
13:26:12,-122,-116,-116,-122,-122,-125,-122,-122,-122,-122,-122,-122,-122,-125,-125,-122,-125,-125,-125,-125,-122,-122,-125,-125,-125,-125,-125,-125,-125,-125,-125,-125,-125,-125,-125,-125,-125,-125,-125,-125,-125,-125,-125,-125,-125,-125,-125,-125,-125,-125,-125,-125,-125,-125,-125,-125,-125,-125,-125,-125,-125;
13:26:11,-125,-122,-122,-116,-125,-125,-125,-125,-122,-116,-122,-122,-113,-125,-122,-122,-125,-122,-122,-122,-122,-125,-125,-125,-125,-125,-125,-125,-125,-125,-125,-122,-125,-125,-125,-125,-125,-125,-125,-125,-125,-125,-125,-125,-125,-125,-125,-125,-125,-125,-125,-125,-125,-125,-125,-125,-125,-125,-125,-125,-125;
13:26:10,-122,-125,-122,-122,-122,-122,-125,-122,-122,-116,-122,-116,-125,-122,-122,-125,-122,-122,-125,-125,-125,-122,-125,-125,-125,-125,-125,-125,-125,-125,-125,-125,-125,-125,-125,-125,-125,-125,-125,-125,-125,-125,-125,-125,-125,-125,-125,-125,-125,-125,-125,-125,-125,-125,-125,-125,-125,-125,-125,-125,-125;
13:26:09,-125,-125,-122,-116,-125,-125,-125,-125,-125,-125,-113,-116,-122,-122,-122,-125,-125,-125,-125,-125,-125,-125,-125,-125,-125,-125,-125,-125,-125,-125,-125,-125,-125,-125,-125,-125,-125,-125,-125,-125,-125,-125,-125,-125,-125,-125,-125,-125,-125,-125,-125,-125,-125,-125,-125,-125,-125,-125,-125,-125,-125;
13:26:08,-113,-116,-122,-125,-125,-125,-122,-125,-125,-122,-122,-122,-116,-122,-122,-125,-125,-125,-125,-125,-122,-125,-125,-125,-125,-122,-125,-125,-125,-125,-125,-125,-125,-125,-125,-125,-125,-125,-125,-125,-125,-125,-125,-125,-125,-125,-125,-125,-125,-125,-125,-125,-125,-125,-125,-125,-125,-125,-125,-125,-125;
13:26:07,-122,-125,-122,-125,-125,-125,-122,-122,-125,-122,-116,-122,-122,-122,-116,-122,-122,-125,-122,-125,-122,-125,-125,-125,-125,-125,-125,-125,-122,-125,-125,-125,-125,-125,-125,-125,-125,-125,-125,-125,-125,-122,-125,-125,-125,-125,-125,-125,-125,-125,-125,-125,-125,-125,-125,-125,-125,-125,-125,-125,-125;
13:26:07,-116,-116,-125,-122,-122,-125,-125,-125,-122,-122,-116,-122,-113,-125,-125,-125,-125,-122,-122,-125,-125,-122,-125,-125,-125,-125,-125,-122,-125,-125,-122,-125,-125,-125,-125,-125,-125,-125,-125,-125,-125,-125,-125,-125,-125,-125,-125,-125,-125,-125,-125,-125,-125,-125,-125,-125,-125,-125,-125,-125,-125;
13:26:06,-122,-125,-125,-122,-125,-125,-122,-122,-122,-122,-110,-122,-113,-122,-116,-125,-125,-125,-125,-125,-122,-125,-125,-125,-125,-125,-125,-125,-122,-125,-122,-125,-125,-125,-125,-125,-125,-125,-125,-125,-125,-125,-125,-125,-125,-125,-125,-125,-125,-125,-125,-125,-125,-125,-125,-125,-125,-125,-125,-125,-125;
13:26:05,-122,-113,-122,-113,-125,-125,-125,-122,-122,-125,-125,-122,-122,-122,-125,-122,-125,-125,-125,-122,-125,-125,-125,-122,-125,-125,-125,-125,-125,-125,-125,-125,-125,-125,-125,-125,-125,-125,-125,-125,-125,-125,-125,-125,-125,-125,-125,-125,-125,-125,-125,-125,-125,-125,-125,-125,-125,-125,-125,-125,-125;
13:26:03,-122,-122,-122,-122,-125,-125,-125,-125,-125,-116,-116,-125,-116,-125,-125,-122,-122,-125,-122,-122,-125,-125,-125,-125,-125,-125,-125,-125,-122,-125,-122,-125,-125,-122,-125,-125,-125,-125,-125,-125,-125,-125,-125,-125,-125,-125,-125,-125,-125,-125,-125,-125,-125,-125,-125,-125,-125,-125,-125,-125,-125;
13:26:02,-122,-116,-122,-122,-125,-122,-125,-125,-125,-122,-113,-116,-125,-122,-125,-122,-125,-122,-125,-122,-125,-125,-125,-125,-125,-125,-125,-125,-125,-125,-125,-125,-125,-122,-125,-125,-125,-125,-125,-125,-125,-125,-125,-125,-125,-125,-125,-125,-125,-125,-125,-125,-125,-125,-125,-125,-125,-125,-125,-125,-125;
13:26:01,-122,-113,-122,-122,-125,-122,-125,-125,-122,-122,-125,-125,-125,-122,-122,-125,-125,-125,-125,-125,-125,-122,-125,-122,-125,-125,-125,-125,-125,-125,-122,-125,-125,-125,-125,-125,-125,-125,-125,-125,-125,-125,-125,-125,-125,-125,-125,-125,-125,-125,-125,-125,-125,-125,-125,-125,-125,-125,-125,-125,-125;
13:26:00,-125,-122,-125,-116,-125,-125,-122,-125,-125,-122,-116,-116,-122,-125,-125,-122,-125,-122,-125,-125,-125,-125,-125,-125,-125,-125,-125,-125,-122,-125,-125,-122,-125,-125,-125,-125,-125,-125,-125,-125,-125,-125,-125,-125,-125,-125,-125,-125,-125,-125,-125,-125,-125,-125,-125,-125,-125,-125,-125,-125,-125;
13:25:59,-122,-125,-116,-116,-125,-125,-122,-125,-116,-122,-122,-116,-122,-122,-125,-122,-122,-125,-122,-125,-125,-125,-125,-125,-125,-125,-125,-125,-125,-125,-125,-122,-125,-125,-125,-125,-125,-125,-125,-125,-125,-125,-125,-125,-125,-125,-125,-125,-125,-125,-125,-125,-125,-125,-125,-125,-125,-125,-125,-125,-125;
13:25:58,-125,-122,-125,-122,-122,-125,-125,-122,-125,-122,-116,-122,-116,-122,-125,-125,-125,-125,-125,-125,-125,-125,-125,-125,-125,-125,-125,-125,-125,-125,-125,-125,-125,-125,-125,-125,-125,-125,-125,-125,-125,-125,-125,-125,-125,-125,-125,-125,-125,-125,-125,-125,-125,-125,-125,-125,-125,-125,-125,-125,-125;
13:25:57,-116,-116,-105,-108,-108,-113,-116,-125,-116,-113,-122,-122,-125,-122,-122,-122,-122,-122,-122,-125,-125,-125,-122,-125,-125,-125,-125,-125,-125,-125,-125,-125,-125,-125,-125,-125,-125,-125,-125,-125,-125,-125,-125,-125,-125,-125,-125,-125,-125,-125,-125,-125,-125,-125,-125,-125,-125,-125,-125,-125,-125;
13:25:56,-122,-122,-125,-113,-125,-122,-125,-122,-122,-116,-122,-125,-122,-125,-122,-122,-122,-122,-125,-125,-125,-122,-125,-125,-125,-125,-125,-125,-122,-125,-125,-122,-125,-125,-122,-125,-125,-125,-125,-125,-125,-125,-125,-125,-125,-125,-125,-125,-125,-125,-125,-125,-125,-125,-125,-125,-125,-125,-125,-125,-125;
13:25:55,-125,-125,-116,-116,-125,-125,-125,-125,-122,-122,-122,-122,-110,-116,-122,-125,-125,-122,-125,-125,-125,-125,-125,-125,-125,-125,-125,-125,-125,-125,-122,-122,-125,-125,-125,-125,-125,-125,-125,-125,-125,-125,-125,-125,-125,-125,-125,-125,-125,-125,-125,-125,-125,-125,-125,-125,-125,-125,-125,-125,-125;
13:25:54,-125,-125,-125,-113,-125,-125,-122,-125,-125,-116,-122,-116,-116,-122,-122,-122,-125,-122,-125,-125,-125,-125,-125,-125,-125,-125,-125,-125,-125,-125,-125,-125,-125,-125,-125,-125,-125,-125,-125,-125,-125,-125,-125,-125,-125,-125,-125,-125,-125,-125,-125,-125,-125,-125,-125,-125,-125,-125,-125,-125,-125;
13:25:53,-125,-122,-122,-113,-125,-122,-125,-125,-122,-122,-125,-125,-116,-122,-122,-122,-125,-125,-125,-125,-125,-125,-125,-125,-125,-125,-125,-125,-125,-125,-125,-125,-125,-125,-125,-125,-125,-125,-125,-125,-125,-125,-125,-125,-125,-125,-125,-125,-125,-125,-125,-125,-125,-125,-125,-125,-125,-125,-125,-125,-125;
13:25:52,-122,-122,-122,-110,-122,-125,-125,-125,-125,-125,-122,-113,-116,-125,-125,-125,-122,-125,-125,-125,-125,-125,-125,-125,-125,-125,-125,-125,-125,-125,-125,-125,-125,-125,-125,-125,-125,-125,-125,-125,-125,-125,-125,-125,-125,-125,-125,-125,-122,-125,-125,-125,-125,-125,-125,-125,-125,-125,-125,-125,-125;
13:25:51,-116,-116,-122,-108,-125,-125,-125,-125,-125,-122,-125,-125,-122,-122,-125,-125,-122,-122,-125,-125,-122,-125,-122,-125,-125,-125,-125,-125,-125,-125,-125,-122,-125,-125,-125,-125,-125,-125,-125,-125,-125,-125,-125,-125,-125,-125,-125,-125,-125,-125,-125,-125,-125,-125,-125,-125,-125,-125,-125,-125,-125;
13:25:50,-125,-116,-125,-116,-125,-125,-122,-125,-125,-125,-113,-122,-113,-125,-125,-122,-125,-125,-122,-122,-125,-122,-125,-125,-125,-125,-125,-125,-125,-125,-125,-125,-125,-125,-125,-125,-125,-125,-125,-125,-125,-122,-125,-125,-125,-125,-125,-125,-125,-125,-125,-125,-125,-125,-125,-125,-125,-125,-125,-125,-125;
13:25:49,-125,-122,-125,-113,-125,-122,-122,-125,-122,-116,-125,-116,-125,-125,-122,-125,-125,-125,-125,-125,-125,-122,-122,-125,-125,-125,-125,-122,-122,-125,-125,-125,-125,-125,-125,-125,-125,-125,-125,-125,-125,-125,-125,-125,-125,-125,-125,-125,-125,-125,-125,-125,-125,-125,-125,-125,-125,-125,-125,-125,-125;
13:25:48,-125,-116,-122,-116,-122,-125,-122,-125,-116,-122,-116,-125,-116,-122,-122,-125,-125,-125,-125,-122,-122,-125,-125,-125,-125,-125,-125,-125,-125,-125,-122,-125,-125,-125,-125,-125,-125,-122,-125,-125,-125,-125,-125,-125,-125,-125,-125,-125,-125,-125,-125,-125,-125,-125,-125,-125,-125,-125,-125,-125,-125;
13:25:47,-110,-122,-125,-116,-122,-122,-125,-122,-122,-116,-122,-122,-113,-125,-125,-125,-125,-122,-125,-125,-125,-122,-125,-125,-125,-125,-125,-125,-125,-125,-122,-125,-122,-125,-125,-125,-125,-125,-125,-125,-125,-125,-125,-125,-125,-125,-125,-125,-122,-125,-125,-125,-125,-125,-125,-125,-125,-125,-125,-125,-125;
13:25:46,-116,-104,-113,-110,-122,-122,-125,-125,-122,-122,-116,-125,-122,-125,-125,-125,-122,-122,-125,-122,-122,-122,-125,-125,-125,-125,-125,-122,-125,-125,-125,-125,-125,-125,-125,-125,-125,-125,-125,-125,-125,-125,-125,-125,-125,-125,-125,-125,-125,-125,-125,-125,-125,-125,-125,-125,-125,-125,-125,-125,-125;
13:25:45,-122,-122,-122,-122,-125,-125,-122,-125,-125,-122,-122,-116,-122,-122,-125,-122,-122,-122,-125,-125,-125,-122,-122,-125,-125,-125,-125,-125,-125,-125,-122,-125,-125,-125,-125,-125,-125,-122,-125,-125,-122,-125,-125,-125,-125,-125,-125,-125,-125,-125,-125,-125,-125,-125,-125,-125,-125,-125,-125,-125,-125;
13:25:44,-122,-122,-125,-122,-125,-122,-125,-122,-122,-125,-122,-116,-116,-122,-125,-125,-125,-122,-125,-122,-125,-125,-125,-122,-125,-125,-125,-125,-125,-122,-125,-125,-125,-125,-125,-125,-125,-125,-125,-122,-125,-125,-125,-125,-125,-125,-125,-125,-125,-125,-125,-125,-125,-125,-125,-125,-125,-125,-125,-125,-125;
13:25:43,-125,-122,-116,-122,-125,-125,-125,-122,-122,-125,-116,-122,-110,-125,-122,-125,-125,-125,-125,-125,-125,-125,-125,-125,-125,-125,-125,-122,-125,-125,-125,-125,-125,-125,-125,-125,-125,-125,-125,-125,-125,-125,-125,-125,-125,-125,-125,-125,-125,-125,-125,-125,-125,-125,-125,-125,-125,-125,-125,-125,-125;
13:25:42,-125,-113,-125,-122,-125,-125,-125,-122,-125,-116,-116,-122,-116,-122,-125,-122,-125,-125,-125,-125,-125,-125,-125,-125,-125,-125,-125,-125,-125,-125,-125,-125,-125,-125,-125,-125,-125,-125,-125,-125,-125,-125,-122,-125,-125,-125,-125,-125,-125,-125,-125,-125,-125,-125,-122,-125,-125,-125,-125,-125,-125;
13:25:41,-122,-125,-125,-116,-122,-125,-122,-122,-116,-125,-125,-122,-122,-125,-116,-125,-122,-125,-122,-125,-122,-122,-125,-125,-125,-125,-125,-125,-125,-125,-125,-125,-125,-125,-125,-125,-125,-125,-125,-125,-125,-125,-125,-125,-125,-125,-125,-125,-125,-125,-125,-125,-125,-125,-125,-125,-125,-125,-125,-125,-125;
13:25:40,-113,-122,-116,-122,-122,-122,-125,-125,-122,-122,-125,-122,-122,-122,-122,-125,-125,-125,-125,-125,-125,-125,-125,-125,-125,-125,-125,-125,-125,-125,-125,-122,-125,-125,-125,-125,-125,-125,-125,-125,-125,-125,-125,-125,-125,-125,-125,-125,-125,-125,-125,-125,-125,-125,-125,-125,-125,-125,-125,-125,-125;
13:25:39,-108,-116,-116,-113,-116,-125,-122,-122,-125,-116,-116,-113,-125,-116,-125,-122,-125,-125,-122,-125,-122,-125,-125,-125,-125,-122,-125,-125,-125,-125,-125,-125,-125,-125,-125,-125,-125,-125,-125,-125,-125,-125,-125,-125,-125,-125,-125,-125,-125,-125,-125,-125,-125,-125,-125,-125,-125,-125,-125,-125,-125;
